   0.0000000e+00   0.0000000e+00   0.0000000e+00   0.0000000e+00   0.0000000e+00   0.0000000e+00
   3.1664642e-02  -3.9984121e-02  -7.0698904e-02   6.4401527e-05   1.0346959e-03   7.0275484e-04
   7.0181432e-02   4.7142263e-02  -4.1575575e-02   5.1488791e-04   5.2269398e-04   1.3346568e-03
   6.9429864e-02   2.1583745e-02  -1.1506468e-01   5.8206058e-04   1.1225944e-03   1.4685244e-03
   6.1143284e-02   2.4030201e-02  -6.9071529e-02   1.1174995e-03   1.6402197e-03   1.6171200e-03
   6.0718706e-02  -3.0052750e-02  -1.0398977e-01   9.5942782e-04   1.8666300e-03   1.5546049e-03
   3.3114469e-02   1.1939834e-02  -1.0103648e-01   7.2222255e-04   1.8219223e-03   1.3683282e-03
   3.3472477e-02  -3.6244978e-02  -2.2776542e-01   4.6415512e-04   1.6356693e-03   1.1229955e-03
   3.8507232e-02   1.3836483e-01  -1.9272732e-01   8.3964479e-04   1.5899734e-03   9.1218045e-04
   4.0069427e-02  -8.5902273e-02  -2.8442100e-01   8.4430628e-04   1.6643232e-03   9.2091587e-04
   2.8059351e-02   3.1172186e-02  -2.0731925e-01   4.4856527e-05   1.6544484e-03   8.1249052e-04
   2.8560947e-02  -2.0814830e-03  -2.3028194e-01   3.8088027e-04   1.4805392e-03   7.6147173e-04
   2.6184305e-02   1.3837234e-01  -1.0333893e-01   2.9772120e-04   1.6145374e-03   9.2496845e-04
   2.9174823e-02   6.5255969e-02  -1.3520769e-01   6.1556365e-04   1.6069264e-03   1.2452376e-03
   3.4642341e-02   6.0021252e-02  -1.7973925e-01   9.5581096e-05   1.6946877e-03   1.0073873e-03
   3.7620615e-02   2.9314385e-02  -2.8673387e-01  -3.5980780e-04   1.6154086e-03   8.8009019e-04
   3.9856526e-02   1.4914695e-01  -2.2141535e-01  -1.9305509e-04   1.5023398e-03   1.0720465e-03
   3.2988073e-02   1.3179509e-01  -2.2267610e-01  -4.4325470e-04   1.6372629e-03   1.0241203e-03
   2.6628164e-02   8.1578136e-02  -2.4592008e-01  -2.8016673e-04   1.4643910e-03   8.8966555e-04
   4.2151262e-02   7.5284161e-02  -2.7656690e-01  -1.5877565e-03   1.5400436e-03   8.3435744e-04
   5.9880031e-02   1.1235728e-01  -3.1967202e-01  -9.5038761e-04   1.4874423e-03   9.4878177e-04
   7.0052806e-02   1.5629867e-01  -3.4437030e-01  -1.4903241e-04   1.2815353e-03   1.3103408e-03
   2.4076952e-02   2.7129494e-01  -3.5705417e-01   2.2365850e-04   1.1406619e-03   1.3790933e-03
   2.9915535e-02   2.4149810e-01  -3.7073507e-01  -1.4896766e-04   9.8489479e-04   1.3447414e-03
   8.1654321e-02   1.5170272e-01  -3.2438237e-01   2.8731443e-05   9.2827340e-04   1.3654522e-03
   8.4340314e-02   1.4936354e-01  -3.4171764e-01   2.2084526e-04   8.2760153e-04   1.3849234e-03
   2.0233412e-02   2.0943348e-01  -3.0752005e-01   1.4667861e-04   6.6111058e-04   1.1026664e-03
  -9.1931303e-03   2.0153080e-01  -2.7710455e-01   5.5229505e-06   5.9315976e-04   9.9036097e-04
   1.6786947e-02   1.9183279e-01  -2.4773362e-01  -1.3278403e-04   3.0742580e-04   8.0224150e-04
   2.1569378e-02   1.7453930e-01  -2.5775403e-01  -1.4402655e-05   3.6694252e-04   9.6009168e-04
   5.3098872e-02   1.5451588e-01  -3.4394144e-01   4.0803683e-04   6.3690648e-04   8.0839737e-04
   5.6221839e-02   1.2179118e-01  -4.2512368e-01   1.3650754e-04   7.7942373e-04   9.7959786e-04
   3.2575309e-02   2.2998088e-01  -4.1278993e-01   2.6975717e-05   6.5260089e-04   7.8185019e-04
   2.3370876e-02   2.2687756e-01  -4.0984615e-01  -8.6925131e-05   5.3380135e-04   5.9859827e-04
   1.0909385e-02  -6.8040977e-02  -2.2582543e-01   1.7637031e-03  -4.8732070e-04  -1.0516412e-03
  -1.4700769e-02   5.9606983e-02  -1.9357418e-01   1.4672898e-03  -5.7275361e-04  -1.5605956e-03
  -8.1973216e-02   1.7040761e-01  -5.7609401e-02   2.4202036e-03  -4.6147736e-04  -2.1137092e-03
  -8.7128468e-02   5.0437834e-02  -1.4395932e-01   2.4933340e-03  -2.6164617e-04  -2.3066008e-03
  -2.6349107e-02  -6.0985520e-03  -1.6800899e-01   2.8430823e-03   3.1448341e-04  -1.7388561e-03
  -2.2520002e-03  -3.5138747e-02  -1.9844659e-01   3.4363848e-03   5.1586288e-04  -1.0082886e-03
  -3.4353795e-02   1.0894550e-01  -1.0155938e-01   3.3322812e-03   8.4836911e-04  -1.2474485e-03
  -2.1408831e-02   3.6146070e-02  -3.1890021e-01   3.1987938e-03   5.6556088e-04  -1.2480097e-03
  -1.1556000e-02  -1.1281117e-01  -4.8728856e-01   3.0109494e-03   4.7125021e-04  -1.1433324e-03
   6.7665824e-03  -1.1835697e-01  -4.7048149e-01   2.5795318e-03   6.4364784e-04  -1.0207301e-03
   1.8868007e-02   1.6501723e-01  -3.8969008e-01   2.5670814e-03   8.3195581e-04  -6.6538807e-04
  -1.3966967e-02   1.9403052e-01  -3.0144926e-01   2.3750979e-03   1.4024357e-03  -1.2191084e-03
  -4.3251071e-02   1.9495854e-01  -2.2294833e-01   1.9412068e-03   9.3735328e-04  -1.1970312e-03
  -3.2622231e-02   1.6758237e-01  -2.5012643e-01   1.5539790e-03   1.1211770e-03  -1.0462594e-03
  -1.4332431e-02   8.1481062e-02  -2.8363596e-01   1.3904988e-03   1.1784551e-03  -1.1549659e-03
  -1.5506118e-02   8.2523471e-02  -2.2101430e-01   7.9788711e-04   1.4342540e-03  -1.0662825e-03
  -3.6497935e-02   3.0832947e-01  -2.8791163e-02   2.7591353e-03   1.4843643e-03  -1.2553299e-03
  -2.3188460e-02  -2.7506408e-02  -1.6002065e-01   1.6881634e-03   1.0601263e-03  -8.4311901e-04
  -1.3183984e-02  -1.2014094e-01  -2.0296323e-01   1.2957559e-03   1.2642995e-03  -9.2997879e-04
  -5.4569055e-03  -2.8493879e-01  -3.3836184e-01   7.5898848e-04   1.6246882e-03  -9.1193867e-04
  -1.9407892e-02  -1.6671955e-03  -1.8712968e-01   9.2520935e-04   1.7402878e-03  -7.6882576e-04
  -4.5916802e-02   2.0064450e-02  -1.4265414e-01   4.3645729e-04   1.4855210e-03  -1.1763568e-03
  -4.7378308e-02   8.2798856e-02  -1.1808708e-01   5.0120692e-04   1.4126599e-03  -1.3324042e-03
  -4.2625751e-02   1.0882908e-01  -7.1397340e-02   3.5350034e-04   1.4200135e-03  -1.1954347e-03
  -4.5929197e-02   1.3017454e-01  -1.2693299e-01   2.4620507e-04   1.2132075e-03  -1.5773302e-03
  -4.5220825e-02   1.1988203e-01  -1.6754358e-01   3.2434474e-04   1.6097905e-03  -1.4902531e-03
  -3.7456185e-02   5.2946616e-02  -1.7710538e-01   1.5292698e-04   1.2988640e-03  -1.5974055e-03
  -3.4916512e-02   1.1423809e-01  -1.3414122e-01  -1.7421975e-04   1.3803919e-03  -1.5937889e-03
  -5.6216924e-02   1.0251748e-01  -2.0525991e-01  -1.9760449e-05   1.3734481e-03  -2.0302094e-03
  -4.1053313e-02   1.0674619e-01  -1.8510924e-01   5.7828205e-05   1.0970050e-03  -1.7927352e-03
  -3.6676363e-02   1.5790273e-01  -2.0251124e-01  -1.7144526e-04   1.0974091e-03  -1.7656706e-03
  -3.8990283e-02   1.9431272e-01  -1.3845513e-01  -3.4036240e-04   9.6081431e-04  -1.6952080e-03
  -4.9979324e-02   1.2381183e-01  -1.7730220e-01   5.0264850e-05   8.4872512e-04  -1.6436113e-03
  -3.6777094e-02   1.1426014e-01  -2.2378329e-01  -2.4857100e-04   9.3433177e-04  -1.6650652e-03
  -2.0860234e-02   1.0764855e-01  -2.3919619e-01  -4.6478016e-04   9.3111455e-04  -1.6534636e-03
  -3.0787604e-02   1.3744133e-01  -2.5446892e-01  -5.7064312e-04   1.0973912e-03  -1.6259972e-03
  -4.1334847e-02   1.3419617e-01  -1.3435562e-01  -6.3870979e-04   1.0604708e-03  -1.5103078e-03
  -4.2776125e-02   1.5849362e-01  -8.2425774e-02  -7.5478696e-04   1.0283652e-03  -1.3004544e-03
  -5.1635822e-02   2.3984468e-01   5.2020602e-02  -7.5657859e-04   1.2659767e-03  -1.6869146e-03
  -3.5696435e-02   5.0247242e-02  -1.0905363e-01  -6.2754975e-04   1.3919800e-03  -1.4101553e-03
  -1.7788624e-02  -8.0039289e-02  -2.1024904e-01  -1.0224466e-03   1.0718684e-03  -1.6269628e-03
  -1.2859495e-02  -7.9960335e-02  -2.2767405e-01  -1.0982806e-03   1.0981352e-03  -1.5090718e-03
   1.5669558e-02   1.1572940e-01  -2.0170867e-01   2.4461684e-03   4.1898529e-04   2.2716699e-04
   3.1713618e-02   6.9537632e-02  -2.7999798e-01   2.2002163e-03   1.1091940e-03   4.5390043e-04
   4.1565265e-02   1.5975961e-01  -2.5183636e-01   1.5876043e-03   1.4982086e-03   5.0203376e-04
   4.8539131e-02  -8.9947574e-02  -3.4267470e-01   1.8676238e-03   7.3788855e-04   7.9781577e-04
  -2.4217733e-04   4.3796567e-02  -3.2015508e-01   2.0986991e-03   1.5598682e-03   3.2948971e-04
  -2.0208614e-06  -1.5935863e-02  -3.2415338e-01   2.2198472e-03   1.4554458e-03   1.6342457e-04
   2.9475323e-02   6.8260513e-02  -3.1581066e-01   2.0199867e-03   1.7695015e-03   1.3034233e-04
   4.0179313e-02   1.2426214e-01  -2.3997509e-01   1.7995758e-03   2.0228590e-03   2.1023771e-04
  -7.8810080e-03   1.6251943e-01  -2.7767072e-01   1.8010700e-03   1.9125762e-03   4.7533368e-05
  -5.2665713e-03   2.0372093e-01  -2.5414943e-01   1.3717986e-03   1.8920969e-03  -5.6376753e-05
   6.1632507e-03   1.4018983e-01  -2.8050249e-01   1.2502818e-03   2.0926277e-03  -4.9417770e-05
   2.0129775e-02   1.5801303e-01  -3.4161777e-01   9.1462320e-04   2.0647431e-03  -3.9761870e-04
   2.1681569e-02   1.8719259e-01  -3.5632338e-01   6.8333872e-04   2.2869431e-03  -4.9862743e-04
   2.0856231e-02   1.6160679e-01  -4.0041868e-01   5.5049945e-04   2.1782312e-03  -6.2376390e-04
  -2.5203710e-02   2.3035030e-01  -3.2959863e-01  -8.8334373e-05   2.3255799e-03  -3.2396302e-04
  -4.1122160e-02   2.5150709e-01  -2.9080302e-01  -3.3325370e-04   2.4312430e-03  -2.7839679e-04
  -4.7328958e-03   1.3891817e-01  -4.0126647e-01   2.1088763e-06   2.4231060e-03  -2.0830811e-04
   5.0752756e-03   1.6797480e-01  -3.6508198e-01   1.0289126e-04   2.8952160e-03   5.2104955e-05
   8.9358683e-03   3.0638707e-01  -2.4920811e-01   3.0134111e-05   3.0115303e-03   3.2848237e-04
   6.0590106e-03   3.3551034e-01  -1.7322630e-01   7.8473345e-05   2.6834899e-03   2.2728938e-04
  -4.8552233e-03   8.6637271e-02  -2.7591932e-01  -4.7410080e-06   2.5766885e-03   3.3852856e-05
  -2.7236797e-02   2.4700320e-01  -2.1982017e-02  -1.8122610e-04   2.0809229e-03  -4.3119528e-04
  -2.2838367e-02   2.1896952e-01  -1.6770926e-01  -3.4376437e-04   2.3361670e-03  -5.1933593e-04
   1.3796844e-02   2.3349413e-01  -2.0703975e-01  -1.4778097e-04   2.2714428e-03  -2.1547678e-04
   1.5606323e-02   2.1216715e-01  -2.1223046e-01  -2.5528233e-04   2.1452187e-03  -2.9365300e-04
   1.4358382e-02   1.9191864e-01  -1.8888920e-01  -4.8770092e-04   1.7511146e-03  -2.1725925e-04
  -2.3763326e-02   9.3106840e-02  -2.8893363e-01  -5.8260638e-04   1.4072502e-03  -4.4261725e-04
  -1.8519404e-02   1.5729138e-01  -3.9160328e-01  -8.3146740e-04   1.5815225e-03  -5.7819821e-04
   2.6971098e-02   5.3717515e-02  -2.8957055e-01   2.4390216e-03  -1.6935286e-04  -1.4633547e-04
   1.8181476e-02   8.9666175e-02  -2.2770979e-01   2.8025044e-03   3.1752209e-04  -1.7067253e-05
  -1.3112393e-03   2.1019923e-01  -1.0008865e-01   2.7236622e-03   1.4280282e-04   3.2668858e-05
  -5.1895059e-03   1.6905247e-01  -1.3926770e-01   2.7474772e-03   4.2886399e-04   6.3013198e-05
   2.8848557e-02  -5.7311138e-02  -2.5250316e-01   2.5707507e-03   5.9106954e-04   4.3339590e-05
   9.8086569e-03   6.2174796e-02  -2.0147584e-01   2.8246916e-03   8.3909594e-04   4.1965520e-05
  -2.3664995e-02   3.4591090e-02  -2.6291000e-01   3.1122890e-03   5.3390020e-04  -1.3610354e-04
